01111111
01111001
01111000
00111100
01111001
00000000
00000000
00000000
00000001
00000011
00011000
01100111
00011000
11110011
00011000
00011111
00011000
11110011
00000000
00000000
00000000
00001111
00000000
00001111
00000000
00000000
00000000
00000000
00000000
00000000
00000000
00000000
00000000
00000000
00000000
00000000
00000000
00000000
01111111
01111001
01111001
01111000
00000000
00001111
01100000
01111111
00000000
00000000
00011110
11000011
00011000
11001111
00011000
01111001
00011001
00000111
00011000
01111001
00000111
01111000
00011000
00011001
00000111
00011001
00001111
00011001
00000111
00011111
00001100
00011110
01100001
00011110
11000011
00011111
11111100
01100001
11110000
01111111
01100001
01100110
00111100
01100001
11110000
01100000
01100111
01100000
01100111
01100001
11110000
01111111
01111001
01111001
01111001
00011111
11110011
11110011
11111110
01100001
01111111
01111001
01111001
01111001
01111001
01111001
01111001
01111001
01111001
01111001
01111001
01111001
01111001
01111001
01111001
01111001
01111001
01111001
01111001
01111001
01111001
01111001
01111001
01111001
01111001
01111001
01111001
01111001
01111001
01111001
01111001
01111001
01111001
01111001
01111001
01111001
01111001
01111001
01111001
01111001
01111001
01111000
00000000
00001111
01100000
01111111
00000000
00001111
00011110
01100001
00011111
00001100
00011111
00001100
01100001
11110000
01100000
00111111
01100001
11110000
01111111
01111001
11000000
01111001
11000000
01111001
01111001
01111001
01111001
01111001
01111001
01111001
01111001
01111001
01111001
01111001
01111001
01111001
01111001
01111001
01111001
01111001
01111001
01111001
01111001
01111001
01111001
01111001
01111001
01111001
01111001
01111001
01111001
01111001
01111001
01111001
01111001
01111001
01111001
01111001
01111001
01111001
01111001
01111001
01111001
01111001
01111001
01111001
01111001
01111001
01111001
01111001
01111001
01111001
01111001
01111001
01111001
01111001
01111001
01111001
01111001
01111001
00000000
00111100
00000000
00000111
00000001
00001100
00000000
00000111
00000000
00000000
01111110
00001100
00000000
00000000
01111110
00001100
00000000
00111100
00000000
00001111
00000110
00110000
00000000
00000000
00000000
00110011
00000001
00001100
00000000
00001111
00000000
00111100
00000001
00001100
00000000
00001111
01111111
01111001
00000110
11111100
00000000
00000111
00000001
00000001
00000000
00000000
00000000
00001111
00000000
00001111
00000000
00001111
00000000
00001111
00000000
00001111
00000000
00000000
00000000
00000000
00000000
00000000
00000000
00000000
00000000
00000000
00000000
00000000
00000000
00000000
00000000
00000000
00000000
00000000
00000000
00000000
00000000
00000000
00000000
00000000
00000000
00001111
00000000
00110011
00000000
00111100
00000000
11000011
01111111
01111001
00000110
11111100
00000000
00000111
00000001
01100111
00000001
00000011
00000000
00001111
00000000
00001111
00000000
00001111
00000000
00001111
00000000
00001111
00000000
00001111
00000000
00001111
00000000
00000000
00000000
00000000
00000000
00000000
00000000
00000000
00000000
00000000
00000000
00000000
00000000
00000000
00000000
00000000
00000000
00000000
00000000
00000000
00000000
00001111
00000001
00001100
00000000
00110011
00000001
00110000
00000111
00001111
00000110
00001100
01111111
01111001
00000110
11111100
00000000
00000111
00000001
11001111
00000000
00001111
00000000
00001111
00000000
00001111
00000000
00000000
00000000
00000000
00000000
00000000
00000000
00000000
00000000
00000000
00000000
00000000
00000000
00000000
00000000
00000000
00000000
00000000
00000000
00000000
00000000
00000000
00000000
00000000
00000000
00000000
00000000
00000000
00000000
00000000
00000000
00001111
01111111
01111001
00000110
11111100
00000000
00000111
00000001
11000000
00000001
00001100
00000000
00001111
00000000
00000000
00000000
00000000
00000000
00000000
00000000
00000000
00000000
00000000
00000000
00000000
00000000
00000000
00000000
00000000
00000000
00000000
00000000
00000000
00000000
00000000
00000000
00000000
00000000
00000000
00000000
00000000
00000000
00000000
00000000
00000000
01111111
01111001
01111001
11111100
00000000
00000111
00000000
00000111
00000000
00111100
00000000
00001111
00000000
00000000
00000000
00110011
00000001
00001100
00000000
00111100
00000001
00001100
00000000
00000000
00000111
01111000
00000000
00001111
11111000
01111110
01100110
00111111
11001100
00000111
01100110
00011001
00011001
00000111
00011110
01111110
01111000
11001111
00110011
10011001
00000000
00000000
00000000
00000000
00000000
00000000
00000000
00000000
00000000
00000000
00000000
00000000
00000000
00000000
00000000
00000000
00000000
00000000
00000000
00000000
00000000
00000000
00000000
00000000
00000000
00000000
00000000
00000000
00000000
00000000
00000000
00000000
00000000
00000000
00000000
00000000
00000000
00000000
00000000
00001111
01100111
11001111
00011000
11001111
00011000
11001111
00011000
01100111
01111000
00111100
00011111
11001111
01100000
11001111
00000000
00000000
00000000
11000011
00000000
00000000
00000000
00000000
00000000
00000000
00000000
00000000
00000000
00000000
00000000
00000000
00000000
00000000
00000000
00000000
00000000
00000000
00000000
00000000
00000000
00000000
00000000
00000000
00000000
00000000
00000000
00000000
00000000
00000000
00000000
00000000
00000000
00000000
00000000
00000000
00011110
01111111
00110011
00000000
00011000
11001111
00000110
01111001
00000000
01111111
00110011
11110000
00011001
11001100
00000000
00000000
00000000
00000000
00000000
00000000
00000000
00000000
00000000
00000000
00000000
00000000
00000000
00000000
00000000
00000000
00000000
00000000
00000000
00000000
00000000
00000000
00000000
00000000
00000000
00000000
00000000
00000000
00000000
00000000
00000000
00000000
00000000
00000000
00000000
00000000
00000000
00000000
00000000
00001111
01100111
00001100
00000001
11001111
00000001
11001111
00000110
01111001
00000110
01100111
00110011
11110000
00011001
11001100
00000000
00000000
00000000
00000000
00000000
00000000
00000000
00000000
00000000
00000000
00000000
00000000
00000000
00000000
00000000
00000000
00000000
00000000
00000000
00000000
00000000
11001100
00000000
00000000
00000000
00000000
00000000
00000000
00000000
00000000
00000001
00000011
00000000
00000000
00000000
00001111
00000001
11000000
00000000
00000000
00000000
00001111
01100111
00000001
01100111
00000001
01100111
00011111
11110000
11110000
01111111
00000111
11001100
00110011
01100111
00011111
00011001
00000111
01111000
01111110
00111111
11111111
00011001
00000111
01111000
01111110
00000000
11110011
01100001
01111110
00001111
00000011
01111110
00011111
01100000
11110011
00000110
00000001
01111110
11111100
01100000
00000001
01111110
00011111
00011110
00111100
00000111
00000111
00000110
00111111
00000110
00111111
00011001
00000111
00011000
00011110
11000000
01111111
00111100
11001100
00011111
00001100
01100111
00011111
01111000
00111100
00011111
00111111
01100000
00000011
00011111
00110000
01111000
00110011
00011111
00110000
01111110
01100111
11111100
00001100
00011111
00011111
11000000
00111111
01100001
11111111
01100000
00111111
01111000
00111100
01100111
11110011
00000001
00011111
00000000
00001111
01111000
11111111
01111000
00001111
01111110
00001100
01111001
01111001
00000000
00000111
00000000
11111111
00000000
01111111
01111000
00110011
00011111
00011111
00011111
01100111
00000111
00001111
00000111
00000111
11000000
00111111
01111000
01111001
00011000
11110011
00000111
00011111
01111001
01111000
01111111
00000111
11111111
01100000
00000011
00011111
00001100
00000001
01100111
00001100
00000000
00000111
11110011
00011110
11000000
00110011
01100001
00000000
01100111
00000011
00000000
00000000
00000000
00001111
00000000
00000000
00000000
00001111
01111001
01100000
11110011
01111001
00011111
01111110
00001100
01100110
01100001
01100000
01100111
01111000
01111111
00110000
00110000
01100000
00000011
00000000
00000111
00000000
00110011
00011001
11000011
01111000
11110000
01100111
00001100
01100110
00011001
00000000
00001111
01100001
00011001
01111000
01111111
00011001
00111100
01100001
11110000
01100001
00000000
00000001
11111100
00000000
11000011
01111001
00110000
00011001
00000000
00011110
00000111
00000110
00000011
00000110
00000001
00000110
11001111
01100110
00011001
01100110
00000000
01111001
00000011
01111000
01111110
01100110
00111111
00001100
00000001
00000000
00000000
00000000
00000000
00000000
00011001
00011110
00111100
00000111
11111111
01100001
11110000
01111000
00000000
00011111
00001100
01100111
00011111
11001111
00001100
00011111
00011111
00011111
01100111
00000110
00011111
00111100
00110011
01111111
00110011
00000110
00111111
01100000
00011110
00001100
11000011
00000111
01100001
00011001
01111110
11000011
00111111
00000000
00001111
01100000
00000110
00111111
01100110
11110000
00000000
00000000
01111001
11111100
00000110
01111001
00011001
00111100
01100001
01111001
00000011
11111111
01100000
00011001
00000000
00000000
00011001
00001111
00000001
01100111
01100001
00001111
00000110
11000000
00011110
01100001
00011000
00000011
00000110
11000000
00011001
11001100
00011000
00000011
00000110
01100111
00000110
11001111
01100110
00011001
01100110
00000000
01100110
11000011
00011000
01100111
00110011
00000111
00000000
01111111
00110000
00110000
01111001
00001100
01100001
01111111
00011000
00001100
00011000
11110011
00011110
11111111
00011000
01111001
01111110
00000001
00000000
11001100
01100000
00011111
11111100
01111001
00011001
00000000
00011001
11110000
01100000
00000011
00000000
00000000
00000000
00000000
00000000
00000000
00000000
00001111
00000110
00011111
00110011
00000000
00000001
00011111
01100111
00001100
01100001
00000111
00111100
01111110
01111000
00011110
00000000
00000110
00000011
00000000
00110011
00000110
00011111
00000011
00110000
00000000
00000000
00000110
00000001
01100111
00000011
00000000
00011001
00000001
01100111
00011000
11001111
00000000
00001111
01100001
01100001
01111001
00111111
00000111
01111111
00000000
01100001
01111110
11111100
01111001
11001111
00011110
00111100
01111001
00111111
00011001
01111111
00001111
00111100
01100000
00110000
00000111
11001100
00000001
01100111
00111111
00011111
00011111
00111111
01111110
11110011
00000111
01100001
01111000
00011001
01111111
00000111
00000000
01111111
00011111
00011110
00111111
00110011
00011111
11001111
00011001
01111111
00001100
01111001
01100001
01111000
00000000
11110011
00011111
11110011
11000011
01100110
00110011
01100001
00110011
00000000
00111100
00011001
00000111
11001111
01100111
01111111
00110011
01111110
11111100
01111000
00000111
00111111
11001111
01100000
00110000
01100110
00000111
00000000
00000000
00000000
00000000
00000000
00000000
00000000
00000000
00000000
00000000
00000000
00110011
00011001
11001100
00000000
00001111
01100001
00001111
00011000
00000011
00011110
00110011
00000110
01111001
00000111
00001111
00011000
11000000
00011001
11001100
01100000
00011111
00000001
01100111
01100000
00000011
00000000
01100001
00000000
01100001
00000111
00111100
00011001
01100001
00000110
00000001
00000111
00000111
01111111
11001100
00000001
00110000
00011000
11111100
00011001
01111111
01111000
00011001
01111110
11001111
00011000
11110011
00011111
00011111
01100000
00011110
00011000
11111111
00001111
00011111
00011000
11000000
00011000
01100111
01111000
11111111
00011001
00001111
01111001
00001100
01100001
01111111
00000111
11001100
00000000
11111111
00000001
00011111
00110011
00011001
00000001
01100111
00001111
00000111
11001100
00000111
11111100
11000000
00000001
00111111
01100001
00000111
01111001
01100111
00000110
00000001
01100110
00000000
00000000
00000000
01100000
00000011
01100110
00000000
00000000
00000000
00000000
00000000
00000000
00000000
00000000
00000000
00000000
00000111
00000000
00000000
00000111
00011001
00011000
11110011
01100110
00110011
01111000
00000111
01111001
11000000
01100000
00110000
00000110
11000000
01100000
01100111
00000000
00000000
01100110
00110011
00011001
11001100
00011000
01100111
00000000
00011001
01100110
11111111
01100110
00111100
00000001
00111111
00000000
00001111
00011111
11000000
01111111
11000011
01100001
00000111
00011110
00000000
00000110
00011110
00011110
00011110
00011110
00111111
00111100
00000001
00000110
00011110
01100001
00011110
00011110
00111111
00111100
00000001
00000001
01100111
01100111
01100111
01100001
00000111
00011110
00000000
00000110
00011110
00011110
00011110
00011110
00111111
11001111
00000001
00000000
01111111
01100110
01100001
01100001
00110011
00000110
00000001
00000000
00000000
00000000
00000000
00000000
00000000
00000000
00000000
00000000
00000000
01100001
01100001
01100111
11001111
01100000
01100111
00000000
01111111
01100110
00110011
00000000
00000000
01111001
11000000
01100000
01100111
00000000
00000000
00000000
00000000
00000000
00000000
00000000
00000000
00000000
00000000
00000000
00000000
00000000
00000000
00011110
00001111
01100000
00000011
00000000
11110000
00000001
00000001
00000000
00000000
00011110
00110011
00011110
00110011
01100000
00000011
00011110
00000000
00000000
00000000
00000000
00000000
00000000
00011001
00011001
00111100
00011000
01100111
01100000
00000011
01100110
01111111
00110000
11110011
00011110
00111100
00011000
00000011
00000000
00000000
00000000
11001100
00011110
00110011
01100111
11111100
00011001
00000111
01100110
00000000
01100000
00000011
00000000
00111100
01100110
00000000
00000110
00000011
00000001
11001111
00000001
00110000
01111001
00111111
00011000
00001100
01100110
00000111
01100110
00000111
11110000
11001100
01111001
00000011
00011001
00000000
01111001
00111111
00011000
00000011
00000000
01111111
00001111
11000011
00000000
00000000
01111001
00111111
00011000
00000011
00000000
01111111
00000000
00000000
00000000
01111111
00001111
11000011
00000000
00000000
01111001
00111111
00011000
00000011
00000110
00011111
01100110
00011001
00011110
00000111
00000111
00111100
00011000
00000001
00011001
01100001
00011000
01100111
00000000
01111111
00110000
11001111
00011000
00011111
00011001
11111111
00011000
00000011
00000001
00110000
01111001
11000000
01111001
00000011
00000110
01100111
00111100
11110000
01100001
11110000
01100110
00000000
00000110
00000001
01100000
00000011
00000111
11111111
01100110
00011001
00011110
01100001
00011110
01100001
00000000
00110011
01111001
01100111
01100000
00000011
00000110
00110000
01111110
00011111
01100110
00000111
01100000
00000011
01111001
11111100
01100110
00111100
01111001
00111111
00000110
00000011
01100110
01111111
00111111
01100111
00000111
01111111
00001111
00110011
00000000
00111100
00011001
01111110
00000111
00011000
00011111
11000000
00000011
01111001
11111100
01100110
00111100
01111001
00111111
00000110
01100111
00000000
01111111
00111100
00011001
01100110
00000111
11000000
00000011
01111001
11110011
01100001
01100001
01100000
00000011
00000110
00011110
01100001
00011110
01100000
00001111
00001100
00011001
01100110
11110000
01100000
00000011
00000110
00011111
11001100
01111111
01100110
00000111
01100000
00000011
01100111
11110011
01100110
11110000
01100000
00000001
00000000
11110000
01100000
00000011
00000000
00000000
00000000
00000000
01100110
00000000
00000110
00000011
00000000
00000000
00000000
00000000
00000000
00000000
00000000
00000000
00000000
00000000
00000000
00000000
00000000
00000000
00000000
00000000
00000000
00000000
00000000
00110011
00000000
00110011
01100001
01100001
01111000
01111110
00000000
00111111
11110011
11100111
01100000
00000001
00000000
00110011
01100000
00000001
01100110
00000000
00000000
00110011
00000000
00000000
00000000
00000000
00000000
00000000
00000110
00000001
00000000
01100001
00000000
00000000
00000000
00110011
00000000
00000000
00000000
00000000
00000000
00000000
00000000
00000000
00000000
00000000
00000000
00000000
00000000
00000000
00000000
00000000
01100000
01100111
00000000
00000000
01100000
00000001
00000000
00000000
01100000
01111001
00000000
00000000
00000001
11000000
00000000
00000000
00000001
11000000
00000000
00001111
00000000
00000000
00000000
00000000
00000000
00000000
00000000
00000000
00011001
00000000
00000000
00000000
00000001
01111111
01111001
01111000
